2
A9
32
B8
 0
 0
 0
 0
 2
32
B0
D4
 0
 0
 0
 0
 3
82
AA
C4
 0
 0
 0
 0
 2
32
B1
80
 0
 0
 0
 0
 2
32
B5
38
 0
 0
 0
 0
 2
32
B5
50
 0
 0
 0
 0
 2
32
B5
54
 0
 0
 0
 0
 2
32
98
E0
 0
 0
 0
 0
 2
32
BF
A4
 0
 0
 0
 0
 2
32
C3
A4
 0
 0
 0
 0
 2
32
CD
38
 0
 0
 0
 0
 2
32
CD
50
 0
 0
 0
 0
 2
32
CD
58
 0
 0
 0
 0
 2
32
D0
 8
 0
 0
 0
 0
 2
32
D0
14
 0
 0
 0
 0
 2
32
D4
E0
 0
 0
 0
 0
 2
32
FF
4C
 0
 0
 0
 0
 2
33
 1
A0
 0
 0
 0
 0
 2
33
 1
E0
 0
 0
 0
 0
 2
33
 1
EC
 0
 0
 0
 0
 2
33
 1
F8
 0
 0
 0
 0
 2
33
 2
 8
 0
 0
 0
 0
 2
33
 5
C0
 0
 0
 0
 0
 2
33
 6
BC
 0
 0
 0
 0
 2
33
 9
38
 0
 0
 0
 0
 2
33
xF
D4
 0
 0
 0
 0
 2
33
xF
E0
 0
 0
 0
 0
 2
33
10
E0
 0
 0
 0
 0
 2
33
12
58
 0
 0
 0
 0
 2
33
13
94
 0
 0
 0
 0
 2
33
14
24
 0
 0
 0
 0
 2
33
14
A4
 0
 0
 0
 0
 2
33
15
34
 0
 0
 0
 0
 2
33
15
B4
 0
 0
 0
 0
 2
33
16
44
 0
 0
 0
 0
 2
33
16
4C
 0
 0
 0
 0
 2
33
18
C4
 0
 0
 0
 0
 2
33
18
CC
 0
 0
 0
 0
 2
33
19
38
 0
 0
 0
 0
 2
33
1B
A8
 0
 0
 0
 0
 2
33
1B
B0
 0
 0
 0
 0
 2
33
1B
B8
 0
 0
 0
 0
 2
33
1F
xC
 0
 0
 0
 0
 2
33
2A
34
 0
 0
 0
 0
 2
33
35
44
 0
 0
 0
 0
 2
33
35
B4
 0
 0
 0
 0
 2
33
38
BC
 0
 0
 0
 0
 2
33
3C
98
 0
 0
 0
 0
 2
33
43
18
 0
 0
 0
 0
 2
33
43
28
 0
 0
 0
 0
 2
33
44
A8
 0
 0
 0
 0
 2
33
47
4C
 0
 0
 0
 0
 2
33
4B
74
 0
 0
 0
 0
 2
33
4B
78
 0
 0
 0
 0
 2
33
4E # N
F4
 0
 0
 0
 0
 2
33
4F # O
2C # ,
 0
 0
 0
 0
 2
33
4F # O
38
 0
 0
 0
 0
 2
33
50
D0
 0
 0
 0
 0
 2
33
61 # a
B0
 0
 0
 0
 0
 2
33
61 # a
B8
 0
 0
 0
 0
 2
33
61 # a
C0
 0
 0
 0
 0
 2
33
61 # a
C4
 0
 0
 0
 0
 2
33
61 # a
F8
 0
 0
 0
 0
 2
33
62 # b
 8
 0
 0
 0
 0
 2
33
87
4C
 0
 0
 0
 0
 2
33
89
BC
 0
 0
 0
 0
 2
33
9E
80
 0
 0
 0
 0
 2
33
A3
E0
 0
 0
 0
 0
 3
82
AA
C4
 0
 0
 0
 0
 3
82
AA
C4
 0
 0
 0
 0
 2
3E # >
3F # ?
B8
 0
 0
 0
 0
 2
33
A3
E8
 0
 0
 0
 0
 2
33
A3
F0
 0
 0
 0
 0
 2
33
A4
 8
 0
 0
 0
 0
 2
33
A7
C4
 0
 0
 0
 0
 2
33
AE
54
 0
 0
 0
 0
 2
33
AE
64
 0
 0
 0
 0
 2
33
B3
10
 0
 0
 0
 0
 2
33
B3
18
 0
 0
 0
 0
 2
33
B3
20
 0
 0
 0
 0
 2
33
B9
AC
 0
 0
 0
 0
 2
33
BD
40 # @
 0
 0
 0
 0
 2
33
BD
44
 0
 0
 0
 0
 2
33
BD
50
 0
 0
 0
 0
 2
33
BD
64
 0
 0
 0
 0
 2
33
BD
A0
 0
 0
 0
 0
 2
33
BE
A0
 0
 0
 0
 0
 2
33
C9
E0
 0
 0
 0
 0
 2
33
CC
 8
 0
 0
 0
 0
 2
33
CC
24
 0
 0
 0
 0
 2
33
CC
2C # ,
 0
 0
 0
 0
 2
33
CD
BC
 0
 0
 0
 0
 2
33
D1
D0
 0
 0
 0
 0
 2
33
DC
60 # `
 0
 0
 0
 0
 2
33
E7
xC
 0
 0
 0
 0
 2
33
EC
84
 0
 0
 0
 0
 2
33
F5
34
 0
 0
 0
 0
 2
33
F5
80
 0
 0
 0
 0
 2
33
F6
 8
 0
 0
 0
 0
 2
33
F6
14
 0
 0
 0
 0
 2
33
F6
2C # ,
 0
 0
 0
 0
 2
33
F6
44
 0
 0
 0
 0
 2
33
F6
80
 0
 0
 0
 0
 2
33
FB
18
 0
 0
 0
 0
 2
33
FB
20
 0
 0
 0
 0
 2
33
FB
30 # 0
 0
 0
 0
 0
 2
33
FB
D0
 0
 0
 0
 0
 2
33
FB
D4
 0
 0
 0
 0
 2
33
FC
54
 0
 0
 0
 0
 2
33
FC
D4
 0
 0
 0
 0
 2
34
 4
78
 0
 0
 0
 0
 2
34
 4
7C # |
 0
 0
 0
 0
 2
34
 5
xC
 0
 0
 0
 0
 2
34
 5
1C
 0
 0
 0
 0
 2
34
 5
68 # h
 0
 0
 0
 0
 2
34
 5
7C # |
 0
 0
 0
 0
 2
34
 5
94
 0
 0
 0
 0
 2
34
 5
A8
 0
 0
 0
 0
 2
34
 5
C0
 0
 0
 0
 0
 2
34
 5
D4
 0
 0
 0
 0
 2
34
 5
EC
 0
 0
 0
 0
 2
34
 6
 0
 0
 0
 0
 0
 2
34
 6
14
 0
 0
 0
 0
 2
34
 6
2C # ,
 0
 0
 0
 0
 2
34
 6
44
 0
 0
 0
 0
 2
34
 6
78
 0
 0
 0
 0
 2
34
 6
98
 0
 0
 0
 0
 2
34
 6
AC
 0
 0
 0
 0
 2
34
 7
14
 0
 0
 0
 0
 2
34
 7
40 # @
 0
 0
 0
 0
 2
34
 7
54
 0
 0
 0
 0
 2
34
 8
xC
 0
 0
 0
 0
 2
34
xB
40 # @
 0
 0
 0
 0
 2
34
xB
E4
 0
 0
 0
 0
 2
34
xC
74
 0
 0
 0
 0
 2
34
xC
8C
 0
 0
 0
 0
 2
34
xC
94
 0
 0
 0
 0
 2
34
xD
xC
 0
 0
 0
 0
 2
32
9C
 4
 0
 0
 0
 0
 2
34
10
A4
 0
 0
 0
 0
 2
34
11
34
 0
 0
 0
 0
 2
34
11
A4
 0
 0
 0
 0
 2
34
11
F8
 0
 0
 0
 0
 2
34
11
FC
 0
 0
 0
 0
 2
34
16
B0
 0
 0
 0
 0
 2
34
16
B4
 0
 0
 0
 0
 2
34
17
4C
 0
 0
 0
 0
 2
34
18
34
 0
 0
 0
 0
 2
34
18
C8
 0
 0
 0
 0
 2
34
18
DC
 0
 0
 0
 0
 2
34
1C
30 # 0
 0
 0
 0
 0
 2
34
1C
38
 0
 0
 0
 0
 2
34
1E
xC
 0
 0
 0
 0
 2
34
1E
18
 0
 0
 0
 0
 2
34
1E
1C
 0
 0
 0
 0
 2
34
1E
20
 0
 0
 0
 0
 2
34
1E
28
 0
 0
 0
 0
 2
34
1E
30 # 0
 0
 0
 0
 0
 2
34
4C
A0
 0
 0
 0
 0
 2
34
61 # a
70
 0
 0
 0
 0
 2
34
61 # a
78
 0
 0
 0
 0
 2
34
63
90
 0
 0
 0
 0
 2
34
63
98
 0
 0
 0
 0
 2
34
63
A0
 0
 0
 0
 0
 2
34
63
BC
 0
 0
 0
 0
 2
34
63
C4
 0
 0
 0
 0
 2
34
63
CC
 0
 0
 0
 0
 2
34
63
D4
 0
 0
 0
 0
 2
34
63
E4
 0
 0
 0
 0
 2
34
64
A4
 0
 0
 0
 0
 2
34
65 # e
1C
 0
 0
 0
 0
 2
34
65 # e
94
 0
 0
 0
 0
 2
34
65 # e
9C
 0
 0
 0
 0
 2
34
65 # e
A8
 0
 0
 0
 0
 2
31 # 1
84
24
 0
 0
 0
 0
 2
34
65 # e
B4
 0
 0
 0
 0
 2
34
67
E4
 0
 0
 0
 0
 2
34
6A # j
D4
 0
 0
 0
 0
 2
34
6E # n
34
 0
 0
 0
 0
 2
34
72 # r
28
 0
 0
 0
 0
 2
34
72 # r
B8
 0
 0
 0
 0
 2
34
73 # s
38
 0
 0
 0
 0
 2
34
75 # u
3C
 0
 0
 0
 0
 2
34
75 # u
4C
 0
 0
 0
 0
 2
34
75 # u
50
 0
 0
 0
 0
 2
34
75 # u
E4
 0
 0
 0
 0
 2
34
75 # u
F4
 0
 0
 0
 0
 2
34
75 # u
FC
 0
 0
 0
 0
 2
34
76 # v
 4
 0
 0
 0
 0
 2
34
76 # v
18
 0
 0
 0
 0
 2
34
76 # v
34
 0
 0
 0
 0
 2
31 # 1
83
F0
 0
 0
 0
 0
 2
31 # 1
84
 8
 0
 0
 0
 0
 2
31 # 1
84
48 # H
 0
 0
 0
 0
 2
31 # 1
84
C8
 0
 0
 0
 0
 2
31 # 1
84
F8
 0
 0
 0
 0
 2
31 # 1
85
E4
 0
 0
 0
 0
 2
31 # 1
87
78
 0
 0
 0
 0
 2
31 # 1
87
94
 0
 0
 0
 0
 2
31 # 1
8A
50
 0
 0
 0
 0
 2
34
76 # v
3C
 0
 0
 0
 0
 2
34
76 # v
44
 0
 0
 0
 0
 2
34
78
64
 0
 0
 0
 0
 2
34
78
68 # h
 0
 0
 0
 0
 2
34
78
6C
 0
 0
 0
 0
 2
34
79 # y
28
 0
 0
 0
 0
 2
34
79 # y
A0
 0
 0
 0
 0
 2
34
79 # y
A8
 0
 0
 0
 0
 2
34
79 # y
BC
 0
 0
 0
 0
 2
32
D2
B8
 0
 0
 0
 0
 2
34
7A # z
D8
 0
 0
 0
 0
 2
34
7C # |
B0
 0
 0
 0
 0
 2
34
85
10
 0
 0
 0
 0
 2
34
87
F8
 0
 0
 0
 0
 2
34
88
B0
 0
 0
 0
 0
 2
34
89
50
 0
 0
 0
 0
 2
34
8D
80
 0
 0
 0
 0
 2
34
8F
34
 0
 0
 0
 0
 2
34
92
98
 0
 0
 0
 0
 2
34
94
F4
 0
 0
 0
 0
 2
34
97
80
 0
 0
 0
 0
 2
34
98
1C
 0
 0
 0
 0
 2
34
98
24
 0
 0
 0
 0
 2
34
98
2C # ,
 0
 0
 0
 0
 2
34
98
6C
 0
 0
 0
 0
 2
34
98
74
 0
 0
 0
 0
 2
34
98
78
 0
 0
 0
 0
 2
34
98
80
 0
 0
 0
 0
 2
34
98
88
 0
 0
 0
 0
 2
3E # >
44
48 # H
 0
 0
 0
 0
 2
3E # >
44
50
 0
 0
 0
 0
 2
3E # >
44
54
 0
 0
 0
 0
 2
3E # >
44
5C # \
 0
 0
 0
 0
 2
3E # >
44
60 # `
 0
 0
 0
 0
 2
3E # >
44
6C
 0
 0
 0
 0
 2
3E # >
44
70
 0
 0
 0
 0
 2
3E # >
44
74
 0
 0
 0
 0
 2
3E # >
44
7C # |
 0
 0
 0
 0
 2
34
9A
28
 0
 0
 0
 0
 2
3E # >
44
80
 0
 0
 0
 0
 2
3E # >
44
8C
 0
 0
 0
 0
 2
34
9C
48 # H
 0
 0
 0
 0
 2
34
9E
3C
 0
 0
 0
 0
 2
34
A7
B8
 0
 0
 0
 0
 2
34
A7
C0
 0
 0
 0
 0
 2
34
A7
C8
 0
 0
 0
 0
 2
34
A8
5C # \
 0
 0
 0
 0
 2
34
AA
D8
 0
 0
 0
 0
 2
34
B4
1C